[params]
path            = 2019-11-21
subdir          = Fan_u-02

image_prefix    = Fan_u-02_t
zeros           = 4


sigma           = 10
threshold       = 1.
extract         = 1

frame_int       = 0.07200419999999999
pixel_scaling   = 0.89026916629992043

first           = 1
last            = 2000

bf              =
