[params]
path            = 2019-08-09
subdir          = TR-CG1-03

image_prefix    = TR-CG1-03_t
zeros           = 4


sigma           = 5
threshold       = 1.5
# lower_thresh    = 0.7
thresh_spots    = 1.3
spots_radius    = 40
extract         = 1

branch_thresh   = 400

frame_int       = 2.2941312000000003
pixel_scaling   = 1.7718413822255343

first           = 1
#last            = 5840
last            = 2000

symm_setup      = True

green           = c2
texas           = c1
