[params]
path            = 2019-07-04
subdir          = TR-CG1

image_prefix    = TR-CG1_t
zeros           = 4


sigma           = 5
threshold       = 1.5
# lower_thresh    = 0.7
thresh_spots    = 1.3
spots_radius    = 40
extract         = 1

branch_thresh   = 400

frame_int       = 2.1351221000000002
pixel_scaling   = 0.69883457088271921

first           = 1
last            = 2000

symm_setup      = True

green           = c2
texas           = c1

times           = None 2500
