[params]
path            = 2019-11-19
subdir          = 30mM_NP-03

image_prefix    = 30mM_NP-03_t
zeros           = 4


sigma           = 5
threshold       = 1.5
extract         = 1

branch_thresh   = 100

frame_int       = 0.1890108
pixel_scaling   = 1.1511690362025383

first           = 1
last            = 1747

bf              = 
